      -0.089278       0.999975
      -0.088583       0.999984
      -0.087888       1.000010
      -0.087193       1.000009
      -0.086499       0.999977
      -0.085804       1.000011
      -0.085109       1.000001
      -0.084414       1.000041
      -0.083720       0.999992
      -0.083025       1.000022
      -0.082330       0.999990
      -0.081635       1.000007
      -0.080940       1.000014
      -0.080246       0.999987
      -0.079551       0.999955
      -0.078856       1.000025
      -0.078161       0.999991
      -0.077467       1.000006
      -0.076772       0.999996
      -0.076077       1.000022
      -0.075382       0.999989
      -0.074688       1.000031
      -0.073993       0.999968
      -0.073298       0.999984
      -0.072603       0.999975
      -0.071908       1.000027
      -0.071214       0.999986
      -0.070519       0.999961
      -0.069824       1.000003
      -0.069129       1.000006
      -0.068435       1.000005
      -0.067740       0.999991
      -0.067045       1.000001
      -0.066350       1.000000
      -0.065656       0.999992
      -0.064961       0.999973
      -0.064266       0.999995
      -0.063571       0.999999
      -0.062877       1.000014
      -0.062182       1.000001
      -0.061487       1.000012
      -0.060792       0.999981
      -0.060097       1.000012
      -0.059403       1.000005
      -0.058708       1.000017
      -0.058013       1.000019
      -0.057318       1.000003
      -0.056624       1.000035
      -0.055929       0.999996
      -0.055234       1.000011
      -0.054539       0.999991
      -0.053845       1.000014
      -0.053150       0.999978
      -0.052455       0.999994
      -0.051760       1.000009
      -0.051065       0.999998
      -0.050371       1.000024
      -0.049676       1.000002
      -0.048981       0.999996
      -0.048286       0.999966
      -0.047592       1.000015
      -0.046897       1.000011
      -0.046202       1.000014
      -0.045507       0.999994
      -0.044813       1.000012
      -0.044118       1.000029
      -0.043423       1.000007
      -0.042728       0.999976
      -0.042033       0.999945
      -0.041339       1.000001
      -0.040644       0.999981
      -0.039949       0.999984
      -0.039254       0.999940
      -0.038560       0.999967
      -0.037865       0.999990
      -0.037170       0.999965
      -0.036475       0.999938
      -0.035781       0.999976
      -0.035086       0.999949
      -0.034391       0.999916
      -0.033696       0.999941
      -0.033001       0.999895
      -0.032307       0.999909
      -0.031612       0.999941
      -0.030917       0.999915
      -0.030222       0.999911
      -0.029528       0.999899
      -0.028833       0.999905
      -0.028138       0.999894
      -0.027443       0.999856
      -0.026749       0.999873
      -0.026054       0.999847
      -0.025359       0.999853
      -0.024664       0.999879
      -0.023969       0.999819
      -0.023275       0.999859
      -0.022580       0.999818
      -0.021885       0.999842
      -0.021190       0.999825
      -0.020496       0.999850
      -0.019801       0.999834
      -0.019106       0.999841
      -0.018411       0.999859
      -0.017717       0.999793
      -0.017022       0.999783
      -0.016327       0.999814
      -0.015632       0.999794
      -0.014938       0.999827
      -0.014243       0.999836
      -0.013548       0.999828
      -0.012853       0.999781
      -0.012158       0.999779
      -0.011464       0.999808
      -0.010769       0.999805
      -0.010074       0.999798
      -0.009379       0.999791
      -0.008685       0.999829
      -0.007990       0.999823
      -0.007295       0.999818
      -0.006600       0.999792
      -0.005906       0.999805
      -0.005211       0.999765
      -0.004516       0.999814
      -0.003821       0.999813
      -0.003126       0.999830
      -0.002432       0.999788
      -0.001737       0.999792
      -0.001042       0.999832
      -0.000347       0.999788
       0.000347       0.999825
       0.001042       0.999818
       0.001737       0.999792
       0.002432       0.999805
       0.003126       0.999792
       0.003821       0.999798
       0.004516       0.999800
       0.005211       0.999760
       0.005906       0.999833
       0.006600       0.999806
       0.007295       0.999786
       0.007990       0.999810
       0.008685       0.999822
       0.009379       0.999787
       0.010074       0.999772
       0.010769       0.999787
       0.011464       0.999798
       0.012158       0.999800
       0.012853       0.999798
       0.013548       0.999789
       0.014243       0.999801
       0.014938       0.999777
       0.015632       0.999823
       0.016327       0.999815
       0.017022       0.999807
       0.017717       0.999795
       0.018411       0.999811
       0.019106       0.999832
       0.019801       0.999858
       0.020496       0.999858
       0.021190       0.999813
       0.021885       0.999814
       0.022580       0.999821
       0.023275       0.999863
       0.023970       0.999876
       0.024664       0.999859
       0.025359       0.999836
       0.026054       0.999879
       0.026749       0.999872
       0.027443       0.999879
       0.028138       0.999891
       0.028833       0.999905
       0.029528       0.999899
       0.030222       0.999918
       0.030917       0.999903
       0.031612       0.999915
       0.032307       0.999918
       0.033002       0.999941
       0.033696       0.999974
       0.034391       0.999913
       0.035086       0.999933
       0.035781       0.999926
       0.036475       0.999950
       0.037170       0.999937
       0.037865       0.999940
       0.038560       0.999966
       0.039254       0.999992
       0.039949       0.999960
       0.040644       1.000002
       0.041339       1.000030
       0.042033       0.999960
       0.042728       1.000017
       0.043423       1.000021
       0.044118       1.000007
       0.044813       0.999997
       0.045507       0.999951
       0.046202       1.000028
       0.046897       0.999990
       0.047592       0.999982
       0.048286       0.999989
       0.048981       0.999997
       0.049676       0.999996
       0.050371       1.000019
       0.051065       1.000003
       0.051760       0.999979
       0.052455       1.000015
       0.053150       1.000023
       0.053845       1.000013
       0.054539       0.999994
       0.055234       0.999984
       0.055929       1.000007
       0.056624       1.000007
       0.057318       1.000000
       0.058013       0.999976
       0.058708       0.999998
       0.059403       1.000037
       0.060097       0.999978
       0.060792       1.000020
       0.061487       0.999995
       0.062182       0.999993
       0.062877       0.999986
       0.063571       1.000007
       0.064266       0.999991
       0.064961       0.999997
       0.065656       0.999988
       0.066350       1.000007
       0.067045       1.000013
       0.067740       0.999976
       0.068435       0.999963
       0.069129       0.999989
       0.069824       1.000018
       0.070519       1.000012
       0.071214       0.999987
       0.071908       1.000022
       0.072603       1.000009
       0.073298       1.000014
       0.073993       0.999967
       0.074688       1.000033
       0.075382       1.000000
       0.076077       0.999953
       0.076772       0.999992
       0.077467       1.000023
       0.078161       0.999999
       0.078856       1.000028
       0.079551       0.999985
       0.080246       1.000027
       0.080940       1.000014
       0.081635       0.999987
       0.082330       1.000028
       0.083025       0.999985
       0.083720       0.999984
       0.084414       1.000014
       0.085109       0.999992
       0.085804       1.000019
       0.086499       1.000003
       0.087193       1.000022
       0.087888       0.999990
       0.088583       0.999987
       0.089278       0.999996
